96 6
53 84
79 35
89 86
39 15
2 82
33 31
47 85
84 44
15 24
34 49
68 46
60 99
49 86
53 35
21 72
91 11
15 67
2 72
68 49
11 62
62 59
63 53
48 82
79 49
69 37
77 37
57 91
39 24
58 54
96 39
96 11
77 65
51 42
59 14
56 85
53 67
59 54
47 19
63 63
8 34
88 79
93 36
81 93
53 52
37 97
39 46
44 3
3 67
62 50
32 22
100 93
92 55
11 27
45 56
44 82
38 65
17 53
43 20
21 27
26 44
66 42
10 49
12 44
8 18
37 15
95 28
17 40
18 62
9 82
38 17
58 23
14 32
88 85
45 76
97 49
34 68
53 20
95 25
18 13
51 65
38 90
55 71
25 89
6 80
87 59
76 97
59 60
22 40
20 38
25 11
39 40
27 51
87 52
46 98
19 72
79 20
16 47
54 99
77 28